74100
74290
74480
74670
74860
75050
75240
75430
75620
75810
76000
76190
76380
76570
76760
76950
77140
77330
77520
77710
77900
78090
78280
78470
78660
78850
79040
79230
79420
79610
188100
188690
189280
189870
190460
191050
191640
192230
192820
193410
194000
194590
195180
195770
196360
196950
197540
198130
198720
199310
199900
200490
201080
201670
202260
202850
203440
204030
204620
205210
302100
303090
304080
305070
306060
307050
308040
309030
310020
311010
312000
312990
313980
314970
315960
316950
317940
318930
319920
320910
321900
322890
323880
324870
325860
326850
327840
328830
329820
330810
416100
417490
418880
420270
421660
423050
424440
425830
427220
428610
430000
431390
432780
434170
435560
436950
438340
439730
441120
442510
443900
445290
446680
448070
449460
450850
452240
453630
455020
456410
530100
531890
533680
535470
537260
539050
540840
542630
544420
546210
548000
549790
551580
553370
555160
556950
558740
560530
562320
564110
565900
567690
569480
571270
573060
574850
576640
578430
580220
582010
644100
646290
648480
650670
652860
655050
657240
659430
661620
663810
666000
668190
670380
672570
674760
676950
679140
681330
683520
685710
687900
690090
692280
694470
696660
698850
701040
703230
705420
707610
758100
760690
763280
765870
768460
771050
773640
776230
778820
781410
784000
786590
789180
791770
794360
796950
799540
802130
804720
807310
809900
812490
815080
817670
820260
822850
825440
828030
830620
833210
872100
875090
878080
881070
884060
887050
890040
893030
896020
899010
902000
904990
907980
910970
913960
916950
919940
922930
925920
928910
931900
934890
937880
940870
943860
946850
949840
952830
955820
958810
986100
989490
992880
996270
999660
1.00305e+06
1.00644e+06
1.00983e+06
1.01322e+06
1.01661e+06
1.02e+06
1.02339e+06
1.02678e+06
1.03017e+06
1.03356e+06
1.03695e+06
1.04034e+06
1.04373e+06
1.04712e+06
1.05051e+06
1.0539e+06
1.05729e+06
1.06068e+06
1.06407e+06
1.06746e+06
1.07085e+06
1.07424e+06
1.07763e+06
1.08102e+06
1.08441e+06
1.1001e+06
1.10389e+06
1.10768e+06
1.11147e+06
1.11526e+06
1.11905e+06
1.12284e+06
1.12663e+06
1.13042e+06
1.13421e+06
1.138e+06
1.14179e+06
1.14558e+06
1.14937e+06
1.15316e+06
1.15695e+06
1.16074e+06
1.16453e+06
1.16832e+06
1.17211e+06
1.1759e+06
1.17969e+06
1.18348e+06
1.18727e+06
1.19106e+06
1.19485e+06
1.19864e+06
1.20243e+06
1.20622e+06
1.21001e+06
1.2141e+06
1.21829e+06
1.22248e+06
1.22667e+06
1.23086e+06
1.23505e+06
1.23924e+06
1.24343e+06
1.24762e+06
1.25181e+06
1.256e+06
1.26019e+06
1.26438e+06
1.26857e+06
1.27276e+06
1.27695e+06
1.28114e+06
1.28533e+06
1.28952e+06
1.29371e+06
1.2979e+06
1.30209e+06
1.30628e+06
1.31047e+06
1.31466e+06
1.31885e+06
1.32304e+06
1.32723e+06
1.33142e+06
1.33561e+06
1.3281e+06
1.33269e+06
1.33728e+06
1.34187e+06
1.34646e+06
1.35105e+06
1.35564e+06
1.36023e+06
1.36482e+06
1.36941e+06
1.374e+06
1.37859e+06
1.38318e+06
1.38777e+06
1.39236e+06
1.39695e+06
1.40154e+06
1.40613e+06
1.41072e+06
1.41531e+06
1.4199e+06
1.42449e+06
1.42908e+06
1.43367e+06
1.43826e+06
1.44285e+06
1.44744e+06
1.45203e+06
1.45662e+06
1.46121e+06
1.4421e+06
1.44709e+06
1.45208e+06
1.45707e+06
1.46206e+06
1.46705e+06
1.47204e+06
1.47703e+06
1.48202e+06
1.48701e+06
1.492e+06
1.49699e+06
1.50198e+06
1.50697e+06
1.51196e+06
1.51695e+06
1.52194e+06
1.52693e+06
1.53192e+06
1.53691e+06
1.5419e+06
1.54689e+06
1.55188e+06
1.55687e+06
1.56186e+06
1.56685e+06
1.57184e+06
1.57683e+06
1.58182e+06
1.58681e+06
1.5561e+06
1.56149e+06
1.56688e+06
1.57227e+06
1.57766e+06
1.58305e+06
1.58844e+06
1.59383e+06
1.59922e+06
1.60461e+06
1.61e+06
1.61539e+06
1.62078e+06
1.62617e+06
1.63156e+06
1.63695e+06
1.64234e+06
1.64773e+06
1.65312e+06
1.65851e+06
1.6639e+06
1.66929e+06
1.67468e+06
1.68007e+06
1.68546e+06
1.69085e+06
1.69624e+06
1.70163e+06
1.70702e+06
1.71241e+06
1.6701e+06
1.67589e+06
1.68168e+06
1.68747e+06
1.69326e+06
1.69905e+06
1.70484e+06
1.71063e+06
1.71642e+06
1.72221e+06
1.728e+06
1.73379e+06
1.73958e+06
1.74537e+06
1.75116e+06
1.75695e+06
1.76274e+06
1.76853e+06
1.77432e+06
1.78011e+06
1.7859e+06
1.79169e+06
1.79748e+06
1.80327e+06
1.80906e+06
1.81485e+06
1.82064e+06
1.82643e+06
1.83222e+06
1.83801e+06
1.7841e+06
1.79029e+06
1.79648e+06
1.80267e+06
1.80886e+06
1.81505e+06
1.82124e+06
1.82743e+06
1.83362e+06
1.83981e+06
1.846e+06
1.85219e+06
1.85838e+06
1.86457e+06
1.87076e+06
1.87695e+06
1.88314e+06
1.88933e+06
1.89552e+06
1.90171e+06
1.9079e+06
1.91409e+06
1.92028e+06
1.92647e+06
1.93266e+06
1.93885e+06
1.94504e+06
1.95123e+06
1.95742e+06
1.96361e+06
1.8981e+06
1.90469e+06
1.91128e+06
1.91787e+06
1.92446e+06
1.93105e+06
1.93764e+06
1.94423e+06
1.95082e+06
1.95741e+06
1.964e+06
1.97059e+06
1.97718e+06
1.98377e+06
1.99036e+06
1.99695e+06
2.00354e+06
2.01013e+06
2.01672e+06
2.02331e+06
2.0299e+06
2.03649e+06
2.04308e+06
2.04967e+06
2.05626e+06
2.06285e+06
2.06944e+06
2.07603e+06
2.08262e+06
2.08921e+06
2.0121e+06
2.01909e+06
2.02608e+06
2.03307e+06
2.04006e+06
2.04705e+06
2.05404e+06
2.06103e+06
2.06802e+06
2.07501e+06
2.082e+06
2.08899e+06
2.09598e+06
2.10297e+06
2.10996e+06
2.11695e+06
2.12394e+06
2.13093e+06
2.13792e+06
2.14491e+06
2.1519e+06
2.15889e+06
2.16588e+06
2.17287e+06
2.17986e+06
2.18685e+06
2.19384e+06
2.20083e+06
2.20782e+06
2.21481e+06
2.1261e+06
2.13349e+06
2.14088e+06
2.14827e+06
2.15566e+06
2.16305e+06
2.17044e+06
2.17783e+06
2.18522e+06
2.19261e+06
2.2e+06
2.20739e+06
2.21478e+06
2.22217e+06
2.22956e+06
2.23695e+06
2.24434e+06
2.25173e+06
2.25912e+06
2.26651e+06
2.2739e+06
2.28129e+06
2.28868e+06
2.29607e+06
2.30346e+06
2.31085e+06
2.31824e+06
2.32563e+06
2.33302e+06
2.34041e+06
2.2401e+06
2.24789e+06
2.25568e+06
2.26347e+06
2.27126e+06
2.27905e+06
2.28684e+06
2.29463e+06
2.30242e+06
2.31021e+06
2.318e+06
2.32579e+06
2.33358e+06
2.34137e+06
2.34916e+06
2.35695e+06
2.36474e+06
2.37253e+06
2.38032e+06
2.38811e+06
2.3959e+06
2.40369e+06
2.41148e+06
2.41927e+06
2.42706e+06
2.43485e+06
2.44264e+06
2.45043e+06
2.45822e+06
2.46601e+06
2.3541e+06
2.36229e+06
2.37048e+06
2.37867e+06
2.38686e+06
2.39505e+06
2.40324e+06
2.41143e+06
2.41962e+06
2.42781e+06
2.436e+06
2.44419e+06
2.45238e+06
2.46057e+06
2.46876e+06
2.47695e+06
2.48514e+06
2.49333e+06
2.50152e+06
2.50971e+06
2.5179e+06
2.52609e+06
2.53428e+06
2.54247e+06
2.55066e+06
2.55885e+06
2.56704e+06
2.57523e+06
2.58342e+06
2.59161e+06
2.4681e+06
2.47669e+06
2.48528e+06
2.49387e+06
2.50246e+06
2.51105e+06
2.51964e+06
2.52823e+06
2.53682e+06
2.54541e+06
2.554e+06
2.56259e+06
2.57118e+06
2.57977e+06
2.58836e+06
2.59695e+06
2.60554e+06
2.61413e+06
2.62272e+06
2.63131e+06
2.6399e+06
2.64849e+06
2.65708e+06
2.66567e+06
2.67426e+06
2.68285e+06
2.69144e+06
2.70003e+06
2.70862e+06
2.71721e+06
2.5821e+06
2.59109e+06
2.60008e+06
2.60907e+06
2.61806e+06
2.62705e+06
2.63604e+06
2.64503e+06
2.65402e+06
2.66301e+06
2.672e+06
2.68099e+06
2.68998e+06
2.69897e+06
2.70796e+06
2.71695e+06
2.72594e+06
2.73493e+06
2.74392e+06
2.75291e+06
2.7619e+06
2.77089e+06
2.77988e+06
2.78887e+06
2.79786e+06
2.80685e+06
2.81584e+06
2.82483e+06
2.83382e+06
2.84281e+06
2.6961e+06
2.70549e+06
2.71488e+06
2.72427e+06
2.73366e+06
2.74305e+06
2.75244e+06
2.76183e+06
2.77122e+06
2.78061e+06
2.79e+06
2.79939e+06
2.80878e+06
2.81817e+06
2.82756e+06
2.83695e+06
2.84634e+06
2.85573e+06
2.86512e+06
2.87451e+06
2.8839e+06
2.89329e+06
2.90268e+06
2.91207e+06
2.92146e+06
2.93085e+06
2.94024e+06
2.94963e+06
2.95902e+06
2.96841e+06
2.8101e+06
2.81989e+06
2.82968e+06
2.83947e+06
2.84926e+06
2.85905e+06
2.86884e+06
2.87863e+06
2.88842e+06
2.89821e+06
2.908e+06
2.91779e+06
2.92758e+06
2.93737e+06
2.94716e+06
2.95695e+06
2.96674e+06
2.97653e+06
2.98632e+06
2.99611e+06
3.0059e+06
3.01569e+06
3.02548e+06
3.03527e+06
3.04506e+06
3.05485e+06
3.06464e+06
3.07443e+06
3.08422e+06
3.09401e+06
2.9241e+06
2.93429e+06
2.94448e+06
2.95467e+06
2.96486e+06
2.97505e+06
2.98524e+06
2.99543e+06
3.00562e+06
3.01581e+06
3.026e+06
3.03619e+06
3.04638e+06
3.05657e+06
3.06676e+06
3.07695e+06
3.08714e+06
3.09733e+06
3.10752e+06
3.11771e+06
3.1279e+06
3.13809e+06
3.14828e+06
3.15847e+06
3.16866e+06
3.17885e+06
3.18904e+06
3.19923e+06
3.20942e+06
3.21961e+06
3.0381e+06
3.04869e+06
3.05928e+06
3.06987e+06
3.08046e+06
3.09105e+06
3.10164e+06
3.11223e+06
3.12282e+06
3.13341e+06
3.144e+06
3.15459e+06
3.16518e+06
3.17577e+06
3.18636e+06
3.19695e+06
3.20754e+06
3.21813e+06
3.22872e+06
3.23931e+06
3.2499e+06
3.26049e+06
3.27108e+06
3.28167e+06
3.29226e+06
3.30285e+06
3.31344e+06
3.32403e+06
3.33462e+06
3.34521e+06
3.1521e+06
3.16309e+06
3.17408e+06
3.18507e+06
3.19606e+06
3.20705e+06
3.21804e+06
3.22903e+06
3.24002e+06
3.25101e+06
3.262e+06
3.27299e+06
3.28398e+06
3.29497e+06
3.30596e+06
3.31695e+06
3.32794e+06
3.33893e+06
3.34992e+06
3.36091e+06
3.3719e+06
3.38289e+06
3.39388e+06
3.40487e+06
3.41586e+06
3.42685e+06
3.43784e+06
3.44883e+06
3.45982e+06
3.47081e+06
3.2661e+06
3.27749e+06
3.28888e+06
3.30027e+06
3.31166e+06
3.32305e+06
3.33444e+06
3.34583e+06
3.35722e+06
3.36861e+06
3.38e+06
3.39139e+06
3.40278e+06
3.41417e+06
3.42556e+06
3.43695e+06
3.44834e+06
3.45973e+06
3.47112e+06
3.48251e+06
3.4939e+06
3.50529e+06
3.51668e+06
3.52807e+06
3.53946e+06
3.55085e+06
3.56224e+06
3.57363e+06
3.58502e+06
3.59641e+06
3.3801e+06
3.39189e+06
3.40368e+06
3.41547e+06
3.42726e+06
3.43905e+06
3.45084e+06
3.46263e+06
3.47442e+06
3.48621e+06
3.498e+06
3.50979e+06
3.52158e+06
3.53337e+06
3.54516e+06
3.55695e+06
3.56874e+06
3.58053e+06
3.59232e+06
3.60411e+06
3.6159e+06
3.62769e+06
3.63948e+06
3.65127e+06
3.66306e+06
3.67485e+06
3.68664e+06
3.69843e+06
3.71022e+06
3.72201e+06
3.4941e+06
3.50629e+06
3.51848e+06
3.53067e+06
3.54286e+06
3.55505e+06
3.56724e+06
3.57943e+06
3.59162e+06
3.60381e+06
3.616e+06
3.62819e+06
3.64038e+06
3.65257e+06
3.66476e+06
3.67695e+06
3.68914e+06
3.70133e+06
3.71352e+06
3.72571e+06
3.7379e+06
3.75009e+06
3.76228e+06
3.77447e+06
3.78666e+06
3.79885e+06
3.81104e+06
3.82323e+06
3.83542e+06
3.84761e+06
3.6081e+06
3.62069e+06
3.63328e+06
3.64587e+06
3.65846e+06
3.67105e+06
3.68364e+06
3.69623e+06
3.70882e+06
3.72141e+06
3.734e+06
3.74659e+06
3.75918e+06
3.77177e+06
3.78436e+06
3.79695e+06
3.80954e+06
3.82213e+06
3.83472e+06
3.84731e+06
3.8599e+06
3.87249e+06
3.88508e+06
3.89767e+06
3.91026e+06
3.92285e+06
3.93544e+06
3.94803e+06
3.96062e+06
3.97321e+06
3.7221e+06
3.73509e+06
3.74808e+06
3.76107e+06
3.77406e+06
3.78705e+06
3.80004e+06
3.81303e+06
3.82602e+06
3.83901e+06
3.852e+06
3.86499e+06
3.87798e+06
3.89097e+06
3.90396e+06
3.91695e+06
3.92994e+06
3.94293e+06
3.95592e+06
3.96891e+06
3.9819e+06
3.99489e+06
4.00788e+06
4.02087e+06
4.03386e+06
4.04685e+06
4.05984e+06
4.07283e+06
4.08582e+06
4.09881e+06
3.8361e+06
3.84949e+06
3.86288e+06
3.87627e+06
3.88966e+06
3.90305e+06
3.91644e+06
3.92983e+06
3.94322e+06
3.95661e+06
3.97e+06
3.98339e+06
3.99678e+06
4.01017e+06
4.02356e+06
4.03695e+06
4.05034e+06
4.06373e+06
4.07712e+06
4.09051e+06
4.1039e+06
4.11729e+06
4.13068e+06
4.14407e+06
4.15746e+06
4.17085e+06
4.18424e+06
4.19763e+06
4.21102e+06
4.22441e+06
3.9501e+06
3.96389e+06
3.97768e+06
3.99147e+06
4.00526e+06
4.01905e+06
4.03284e+06
4.04663e+06
4.06042e+06
4.07421e+06
4.088e+06
4.10179e+06
4.11558e+06
4.12937e+06
4.14316e+06
4.15695e+06
4.17074e+06
4.18453e+06
4.19832e+06
4.21211e+06
4.2259e+06
4.23969e+06
4.25348e+06
4.26727e+06
4.28106e+06
4.29485e+06
4.30864e+06
4.32243e+06
4.33622e+06
4.35001e+06
4.0641e+06
4.07829e+06
4.09248e+06
4.10667e+06
4.12086e+06
4.13505e+06
4.14924e+06
4.16343e+06
4.17762e+06
4.19181e+06
4.206e+06
4.22019e+06
4.23438e+06
4.24857e+06
4.26276e+06
4.27695e+06
4.29114e+06
4.30533e+06
4.31952e+06
4.33371e+06
4.3479e+06
4.36209e+06
4.37628e+06
4.39047e+06
4.40466e+06
4.41885e+06
4.43304e+06
4.44723e+06
4.46142e+06
4.47561e+06
4.1781e+06
4.19269e+06
4.20728e+06
4.22187e+06
4.23646e+06
4.25105e+06
4.26564e+06
4.28023e+06
4.29482e+06
4.30941e+06
4.324e+06
4.33859e+06
4.35318e+06
4.36777e+06
4.38236e+06
4.39695e+06
4.41154e+06
4.42613e+06
4.44072e+06
4.45531e+06
4.4699e+06
4.48449e+06
4.49908e+06
4.51367e+06
4.52826e+06
4.54285e+06
4.55744e+06
4.57203e+06
4.58662e+06
4.60121e+06
4.2921e+06
4.30709e+06
4.32208e+06
4.33707e+06
4.35206e+06
4.36705e+06
4.38204e+06
4.39703e+06
4.41202e+06
4.42701e+06
4.442e+06
4.45699e+06
4.47198e+06
4.48697e+06
4.50196e+06
4.51695e+06
4.53194e+06
4.54693e+06
4.56192e+06
4.57691e+06
4.5919e+06
4.60689e+06
4.62188e+06
4.63687e+06
4.65186e+06
4.66685e+06
4.68184e+06
4.69683e+06
4.71182e+06
4.72681e+06
4.4061e+06
4.42149e+06
4.43688e+06
4.45227e+06
4.46766e+06
4.48305e+06
4.49844e+06
4.51383e+06
4.52922e+06
4.54461e+06
4.56e+06
4.57539e+06
4.59078e+06
4.60617e+06
4.62156e+06
4.63695e+06
4.65234e+06
4.66773e+06
4.68312e+06
4.69851e+06
4.7139e+06
4.72929e+06
4.74468e+06
4.76007e+06
4.77546e+06
4.79085e+06
4.80624e+06
4.82163e+06
4.83702e+06
4.85241e+06
4.5201e+06
4.53589e+06
4.55168e+06
4.56747e+06
4.58326e+06
4.59905e+06
4.61484e+06
4.63063e+06
4.64642e+06
4.66221e+06
4.678e+06
4.69379e+06
4.70958e+06
4.72537e+06
4.74116e+06
4.75695e+06
4.77274e+06
4.78853e+06
4.80432e+06
4.82011e+06
4.8359e+06
4.85169e+06
4.86748e+06
4.88327e+06
4.89906e+06
4.91485e+06
4.93064e+06
4.94643e+06
4.96222e+06
4.97801e+06
4.6341e+06
4.65029e+06
4.66648e+06
4.68267e+06
4.69886e+06
4.71505e+06
4.73124e+06
4.74743e+06
4.76362e+06
4.77981e+06
4.796e+06
4.81219e+06
4.82838e+06
4.84457e+06
4.86076e+06
4.87695e+06
4.89314e+06
4.90933e+06
4.92552e+06
4.94171e+06
4.9579e+06
4.97409e+06
4.99028e+06
5.00647e+06
5.02266e+06
5.03885e+06
5.05504e+06
5.07123e+06
5.08742e+06
5.10361e+06
4.7481e+06
4.76469e+06
4.78128e+06
4.79787e+06
4.81446e+06
4.83105e+06
4.84764e+06
4.86423e+06
4.88082e+06
4.89741e+06
4.914e+06
4.93059e+06
4.94718e+06
4.96377e+06
4.98036e+06
4.99695e+06
5.01354e+06
5.03013e+06
5.04672e+06
5.06331e+06
5.0799e+06
5.09649e+06
5.11308e+06
5.12967e+06
5.14626e+06
5.16285e+06
5.17944e+06
5.19603e+06
5.21262e+06
5.22921e+06
4.8621e+06
4.87909e+06
4.89608e+06
4.91307e+06
4.93006e+06
4.94705e+06
4.96404e+06
4.98103e+06
4.99802e+06
5.01501e+06
5.032e+06
5.04899e+06
5.06598e+06
5.08297e+06
5.09996e+06
5.11695e+06
5.13394e+06
5.15093e+06
5.16792e+06
5.18491e+06
5.2019e+06
5.21889e+06
5.23588e+06
5.25287e+06
5.26986e+06
5.28685e+06
5.30384e+06
5.32083e+06
5.33782e+06
5.35481e+06
4.9761e+06
4.99349e+06
5.01088e+06
5.02827e+06
5.04566e+06
5.06305e+06
5.08044e+06
5.09783e+06
5.11522e+06
5.13261e+06
5.15e+06
5.16739e+06
5.18478e+06
5.20217e+06
5.21956e+06
5.23695e+06
5.25434e+06
5.27173e+06
5.28912e+06
5.30651e+06
5.3239e+06
5.34129e+06
5.35868e+06
5.37607e+06
5.39346e+06
5.41085e+06
5.42824e+06
5.44563e+06
5.46302e+06
5.48041e+06
5.0901e+06
5.10789e+06
5.12568e+06
5.14347e+06
5.16126e+06
5.17905e+06
5.19684e+06
5.21463e+06
5.23242e+06
5.25021e+06
5.268e+06
5.28579e+06
5.30358e+06
5.32137e+06
5.33916e+06
5.35695e+06
5.37474e+06
5.39253e+06
5.41032e+06
5.42811e+06
5.4459e+06
5.46369e+06
5.48148e+06
5.49927e+06
5.51706e+06
5.53485e+06
5.55264e+06
5.57043e+06
5.58822e+06
5.60601e+06
5.2041e+06
5.22229e+06
5.24048e+06
5.25867e+06
5.27686e+06
5.29505e+06
5.31324e+06
5.33143e+06
5.34962e+06
5.36781e+06
5.386e+06
5.40419e+06
5.42238e+06
5.44057e+06
5.45876e+06
5.47695e+06
5.49514e+06
5.51333e+06
5.53152e+06
5.54971e+06
5.5679e+06
5.58609e+06
5.60428e+06
5.62247e+06
5.64066e+06
5.65885e+06
5.67704e+06
5.69523e+06
5.71342e+06
5.73161e+06
5.3181e+06
5.33669e+06
5.35528e+06
5.37387e+06
5.39246e+06
5.41105e+06
5.42964e+06
5.44823e+06
5.46682e+06
5.48541e+06
5.504e+06
5.52259e+06
5.54118e+06
5.55977e+06
5.57836e+06
5.59695e+06
5.61554e+06
5.63413e+06
5.65272e+06
5.67131e+06
5.6899e+06
5.70849e+06
5.72708e+06
5.74567e+06
5.76426e+06
5.78285e+06
5.80144e+06
5.82003e+06
5.83862e+06
5.85721e+06
5.4321e+06
5.45109e+06
5.47008e+06
5.48907e+06
5.50806e+06
5.52705e+06
5.54604e+06
5.56503e+06
5.58402e+06
5.60301e+06
5.622e+06
5.64099e+06
5.65998e+06
5.67897e+06
5.69796e+06
5.71695e+06
5.73594e+06
5.75493e+06
5.77392e+06
5.79291e+06
5.8119e+06
5.83089e+06
5.84988e+06
5.86887e+06
5.88786e+06
5.90685e+06
5.92584e+06
5.94483e+06
5.96382e+06
5.98281e+06
5.5461e+06
5.56549e+06
5.58488e+06
5.60427e+06
5.62366e+06
5.64305e+06
5.66244e+06
5.68183e+06
5.70122e+06
5.72061e+06
5.74e+06
5.75939e+06
5.77878e+06
5.79817e+06
5.81756e+06
5.83695e+06
5.85634e+06
5.87573e+06
5.89512e+06
5.91451e+06
5.9339e+06
5.95329e+06
5.97268e+06
5.99207e+06
6.01146e+06
6.03085e+06
6.05024e+06
6.06963e+06
6.08902e+06
6.10841e+06
5.6601e+06
5.67989e+06
5.69968e+06
5.71947e+06
5.73926e+06
5.75905e+06
5.77884e+06
5.79863e+06
5.81842e+06
5.83821e+06
5.858e+06
5.87779e+06
5.89758e+06
5.91737e+06
5.93716e+06
5.95695e+06
5.97674e+06
5.99653e+06
6.01632e+06
6.03611e+06
6.0559e+06
6.07569e+06
6.09548e+06
6.11527e+06
6.13506e+06
6.15485e+06
6.17464e+06
6.19443e+06
6.21422e+06
6.23401e+06
