74100.000000
74290.000000
74480.000000
74670.000000
74860.000000
75050.000000
75240.000000
75430.000000
75620.000000
75810.000000
76000.000000
76190.000000
76380.000000
76570.000000
76760.000000
76950.000000
77140.000000
77330.000000
77520.000000
77710.000000
77900.000000
78090.000000
78280.000000
78470.000000
78660.000000
78850.000000
79040.000000
79230.000000
79420.000000
79610.000000
188100.000000
188690.000000
189280.000000
189870.000000
190460.000000
191050.000000
191640.000000
192230.000000
192820.000000
193410.000000
194000.000000
194590.000000
195180.000000
195770.000000
196360.000000
196950.000000
197540.000000
198130.000000
198720.000000
199310.000000
199900.000000
200490.000000
201080.000000
201670.000000
202260.000000
202850.000000
203440.000000
204030.000000
204620.000000
205210.000000
302100.000000
303090.000000
304080.000000
305070.000000
306060.000000
307050.000000
308040.000000
309030.000000
310020.000000
311010.000000
312000.000000
312990.000000
313980.000000
314970.000000
315960.000000
316950.000000
317940.000000
318930.000000
319920.000000
320910.000000
321900.000000
322890.000000
323880.000000
324870.000000
325860.000000
326850.000000
327840.000000
328830.000000
329820.000000
330810.000000
416100.000000
417490.000000
418880.000000
420270.000000
421660.000000
423050.000000
424440.000000
425830.000000
427220.000000
428610.000000
430000.000000
431390.000000
432780.000000
434170.000000
435560.000000
436950.000000
438340.000000
439730.000000
441120.000000
442510.000000
443900.000000
445290.000000
446680.000000
448070.000000
449460.000000
450850.000000
452240.000000
453630.000000
455020.000000
456410.000000
530100.000000
531890.000000
533680.000000
535470.000000
537260.000000
539050.000000
540840.000000
542630.000000
544420.000000
546210.000000
548000.000000
549790.000000
551580.000000
553370.000000
555160.000000
556950.000000
558740.000000
560530.000000
562320.000000
564110.000000
565900.000000
567690.000000
569480.000000
571270.000000
573060.000000
574850.000000
576640.000000
578430.000000
580220.000000
582010.000000
644100.000000
646290.000000
648480.000000
650670.000000
652860.000000
655050.000000
657240.000000
659430.000000
661620.000000
663810.000000
666000.000000
668190.000000
670380.000000
672570.000000
674760.000000
676950.000000
679140.000000
681330.000000
683520.000000
685710.000000
687900.000000
690090.000000
692280.000000
694470.000000
696660.000000
698850.000000
701040.000000
703230.000000
705420.000000
707610.000000
758100.000000
760690.000000
763280.000000
765870.000000
768460.000000
771050.000000
773640.000000
776230.000000
778820.000000
781410.000000
784000.000000
786590.000000
789180.000000
791770.000000
794360.000000
796950.000000
799540.000000
802130.000000
804720.000000
807310.000000
809900.000000
812490.000000
815080.000000
817670.000000
820260.000000
822850.000000
825440.000000
828030.000000
830620.000000
833210.000000
872100.000000
875090.000000
878080.000000
881070.000000
884060.000000
887050.000000
890040.000000
893030.000000
896020.000000
899010.000000
902000.000000
904990.000000
907980.000000
910970.000000
913960.000000
916950.000000
919940.000000
922930.000000
925920.000000
928910.000000
931900.000000
934890.000000
937880.000000
940870.000000
943860.000000
946850.000000
949840.000000
952830.000000
955820.000000
958810.000000
986100.000000
989490.000000
992880.000000
996270.000000
999660.000000
1003050.000000
1006440.000000
1009830.000000
1013220.000000
1016610.000000
1020000.000000
1023390.000000
1026780.000000
1030170.000000
1033560.000000
1036950.000000
1040340.000000
1043730.000000
1047120.000000
1050510.000000
1053900.000000
1057290.000000
1060680.000000
1064070.000000
1067460.000000
1070850.000000
1074240.000000
1077630.000000
1081020.000000
1084410.000000
1100100.000000
1103890.000000
1107680.000000
1111470.000000
1115260.000000
1119050.000000
1122840.000000
1126630.000000
1130420.000000
1134210.000000
1138000.000000
1141790.000000
1145580.000000
1149370.000000
1153160.000000
1156950.000000
1160740.000000
1164530.000000
1168320.000000
1172110.000000
1175900.000000
1179690.000000
1183480.000000
1187270.000000
1191060.000000
1194850.000000
1198640.000000
1202430.000000
1206220.000000
1210010.000000
1214100.000000
1218290.000000
1222480.000000
1226670.000000
1230860.000000
1235050.000000
1239240.000000
1243430.000000
1247620.000000
1251810.000000
1256000.000000
1260190.000000
1264380.000000
1268570.000000
1272760.000000
1276950.000000
1281140.000000
1285330.000000
1289520.000000
1293710.000000
1297900.000000
1302090.000000
1306280.000000
1310470.000000
1314660.000000
1318850.000000
1323040.000000
1327230.000000
1331420.000000
1335610.000000
1328100.000000
1332690.000000
1337280.000000
1341870.000000
1346460.000000
1351050.000000
1355640.000000
1360230.000000
1364820.000000
1369410.000000
1374000.000000
1378590.000000
1383180.000000
1387770.000000
1392360.000000
1396950.000000
1401540.000000
1406130.000000
1410720.000000
1415310.000000
1419900.000000
1424490.000000
1429080.000000
1433670.000000
1438260.000000
1442850.000000
1447440.000000
1452030.000000
1456620.000000
1461210.000000
1442100.000000
1447090.000000
1452080.000000
1457070.000000
1462060.000000
1467050.000000
1472040.000000
1477030.000000
1482020.000000
1487010.000000
1492000.000000
1496990.000000
1501980.000000
1506970.000000
1511960.000000
1516950.000000
1521940.000000
1526930.000000
1531920.000000
1536910.000000
1541900.000000
1546890.000000
1551880.000000
1556870.000000
1561860.000000
1566850.000000
1571840.000000
1576830.000000
1581820.000000
1586810.000000
1556100.000000
1561490.000000
1566880.000000
1572270.000000
1577660.000000
1583050.000000
1588440.000000
1593830.000000
1599220.000000
1604610.000000
1610000.000000
1615390.000000
1620780.000000
1626170.000000
1631560.000000
1636950.000000
1642340.000000
1647730.000000
1653120.000000
1658510.000000
1663900.000000
1669290.000000
1674680.000000
1680070.000000
1685460.000000
1690850.000000
1696240.000000
1701630.000000
1707020.000000
1712410.000000
1670100.000000
1675890.000000
1681680.000000
1687470.000000
1693260.000000
1699050.000000
1704840.000000
1710630.000000
1716420.000000
1722210.000000
1728000.000000
1733790.000000
1739580.000000
1745370.000000
1751160.000000
1756950.000000
1762740.000000
1768530.000000
1774320.000000
1780110.000000
1785900.000000
1791690.000000
1797480.000000
1803270.000000
1809060.000000
1814850.000000
1820640.000000
1826430.000000
1832220.000000
1838010.000000
1784100.000000
1790290.000000
1796480.000000
1802670.000000
1808860.000000
1815050.000000
1821240.000000
1827430.000000
1833620.000000
1839810.000000
1846000.000000
1852190.000000
1858380.000000
1864570.000000
1870760.000000
1876950.000000
1883140.000000
1889330.000000
1895520.000000
1901710.000000
1907900.000000
1914090.000000
1920280.000000
1926470.000000
1932660.000000
1938850.000000
1945040.000000
1951230.000000
1957420.000000
1963610.000000
1898100.000000
1904690.000000
1911280.000000
1917870.000000
1924460.000000
1931050.000000
1937640.000000
1944230.000000
1950820.000000
1957410.000000
1964000.000000
1970590.000000
1977180.000000
1983770.000000
1990360.000000
1996950.000000
2003540.000000
2010130.000000
2016720.000000
2023310.000000
2029900.000000
2036490.000000
2043080.000000
2049670.000000
2056260.000000
2062850.000000
2069440.000000
2076030.000000
2082620.000000
2089210.000000
2012100.000000
2019090.000000
2026080.000000
2033070.000000
2040060.000000
2047050.000000
2054040.000000
2061030.000000
2068020.000000
2075010.000000
2082000.000000
2088990.000000
2095980.000000
2102970.000000
2109960.000000
2116950.000000
2123940.000000
2130930.000000
2137920.000000
2144910.000000
2151900.000000
2158890.000000
2165880.000000
2172870.000000
2179860.000000
2186850.000000
2193840.000000
2200830.000000
2207820.000000
2214810.000000
2126100.000000
2133490.000000
2140880.000000
2148270.000000
2155660.000000
2163050.000000
2170440.000000
2177830.000000
2185220.000000
2192610.000000
2200000.000000
2207390.000000
2214780.000000
2222170.000000
2229560.000000
2236950.000000
2244340.000000
2251730.000000
2259120.000000
2266510.000000
2273900.000000
2281290.000000
2288680.000000
2296070.000000
2303460.000000
2310850.000000
2318240.000000
2325630.000000
2333020.000000
2340410.000000
2240100.000000
2247890.000000
2255680.000000
2263470.000000
2271260.000000
2279050.000000
2286840.000000
2294630.000000
2302420.000000
2310210.000000
2318000.000000
2325790.000000
2333580.000000
2341370.000000
2349160.000000
2356950.000000
2364740.000000
2372530.000000
2380320.000000
2388110.000000
2395900.000000
2403690.000000
2411480.000000
2419270.000000
2427060.000000
2434850.000000
2442640.000000
2450430.000000
2458220.000000
2466010.000000
2354100.000000
2362290.000000
2370480.000000
2378670.000000
2386860.000000
2395050.000000
2403240.000000
2411430.000000
2419620.000000
2427810.000000
2436000.000000
2444190.000000
2452380.000000
2460570.000000
2468760.000000
2476950.000000
2485140.000000
2493330.000000
2501520.000000
2509710.000000
2517900.000000
2526090.000000
2534280.000000
2542470.000000
2550660.000000
2558850.000000
2567040.000000
2575230.000000
2583420.000000
2591610.000000
2468100.000000
2476690.000000
2485280.000000
2493870.000000
2502460.000000
2511050.000000
2519640.000000
2528230.000000
2536820.000000
2545410.000000
2554000.000000
2562590.000000
2571180.000000
2579770.000000
2588360.000000
2596950.000000
2605540.000000
2614130.000000
2622720.000000
2631310.000000
2639900.000000
2648490.000000
2657080.000000
2665670.000000
2674260.000000
2682850.000000
2691440.000000
2700030.000000
2708620.000000
2717210.000000
2582100.000000
2591090.000000
2600080.000000
2609070.000000
2618060.000000
2627050.000000
2636040.000000
2645030.000000
2654020.000000
2663010.000000
2672000.000000
2680990.000000
2689980.000000
2698970.000000
2707960.000000
2716950.000000
2725940.000000
2734930.000000
2743920.000000
2752910.000000
2761900.000000
2770890.000000
2779880.000000
2788870.000000
2797860.000000
2806850.000000
2815840.000000
2824830.000000
2833820.000000
2842810.000000
2696100.000000
2705490.000000
2714880.000000
2724270.000000
2733660.000000
2743050.000000
2752440.000000
2761830.000000
2771220.000000
2780610.000000
2790000.000000
2799390.000000
2808780.000000
2818170.000000
2827560.000000
2836950.000000
2846340.000000
2855730.000000
2865120.000000
2874510.000000
2883900.000000
2893290.000000
2902680.000000
2912070.000000
2921460.000000
2930850.000000
2940240.000000
2949630.000000
2959020.000000
2968410.000000
2810100.000000
2819890.000000
2829680.000000
2839470.000000
2849260.000000
2859050.000000
2868840.000000
2878630.000000
2888420.000000
2898210.000000
2908000.000000
2917790.000000
2927580.000000
2937370.000000
2947160.000000
2956950.000000
2966740.000000
2976530.000000
2986320.000000
2996110.000000
3005900.000000
3015690.000000
3025480.000000
3035270.000000
3045060.000000
3054850.000000
3064640.000000
3074430.000000
3084220.000000
3094010.000000
2924100.000000
2934290.000000
2944480.000000
2954670.000000
2964860.000000
2975050.000000
2985240.000000
2995430.000000
3005620.000000
3015810.000000
3026000.000000
3036190.000000
3046380.000000
3056570.000000
3066760.000000
3076950.000000
3087140.000000
3097330.000000
3107520.000000
3117710.000000
3127900.000000
3138090.000000
3148280.000000
3158470.000000
3168660.000000
3178850.000000
3189040.000000
3199230.000000
3209420.000000
3219610.000000
3038100.000000
3048690.000000
3059280.000000
3069870.000000
3080460.000000
3091050.000000
3101640.000000
3112230.000000
3122820.000000
3133410.000000
3144000.000000
3154590.000000
3165180.000000
3175770.000000
3186360.000000
3196950.000000
3207540.000000
3218130.000000
3228720.000000
3239310.000000
3249900.000000
3260490.000000
3271080.000000
3281670.000000
3292260.000000
3302850.000000
3313440.000000
3324030.000000
3334620.000000
3345210.000000
3152100.000000
3163090.000000
3174080.000000
3185070.000000
3196060.000000
3207050.000000
3218040.000000
3229030.000000
3240020.000000
3251010.000000
3262000.000000
3272990.000000
3283980.000000
3294970.000000
3305960.000000
3316950.000000
3327940.000000
3338930.000000
3349920.000000
3360910.000000
3371900.000000
3382890.000000
3393880.000000
3404870.000000
3415860.000000
3426850.000000
3437840.000000
3448830.000000
3459820.000000
3470810.000000
3266100.000000
3277490.000000
3288880.000000
3300270.000000
3311660.000000
3323050.000000
3334440.000000
3345830.000000
3357220.000000
3368610.000000
3380000.000000
3391390.000000
3402780.000000
3414170.000000
3425560.000000
3436950.000000
3448340.000000
3459730.000000
3471120.000000
3482510.000000
3493900.000000
3505290.000000
3516680.000000
3528070.000000
3539460.000000
3550850.000000
3562240.000000
3573630.000000
3585020.000000
3596410.000000
3380100.000000
3391890.000000
3403680.000000
3415470.000000
3427260.000000
3439050.000000
3450840.000000
3462630.000000
3474420.000000
3486210.000000
3498000.000000
3509790.000000
3521580.000000
3533370.000000
3545160.000000
3556950.000000
3568740.000000
3580530.000000
3592320.000000
3604110.000000
3615900.000000
3627690.000000
3639480.000000
3651270.000000
3663060.000000
3674850.000000
3686640.000000
3698430.000000
3710220.000000
3722010.000000
3494100.000000
3506290.000000
3518480.000000
3530670.000000
3542860.000000
3555050.000000
3567240.000000
3579430.000000
3591620.000000
3603810.000000
3616000.000000
3628190.000000
3640380.000000
3652570.000000
3664760.000000
3676950.000000
3689140.000000
3701330.000000
3713520.000000
3725710.000000
3737900.000000
3750090.000000
3762280.000000
3774470.000000
3786660.000000
3798850.000000
3811040.000000
3823230.000000
3835420.000000
3847610.000000
3608100.000000
3620690.000000
3633280.000000
3645870.000000
3658460.000000
3671050.000000
3683640.000000
3696230.000000
3708820.000000
3721410.000000
3734000.000000
3746590.000000
3759180.000000
3771770.000000
3784360.000000
3796950.000000
3809540.000000
3822130.000000
3834720.000000
3847310.000000
3859900.000000
3872490.000000
3885080.000000
3897670.000000
3910260.000000
3922850.000000
3935440.000000
3948030.000000
3960620.000000
3973210.000000
3722100.000000
3735090.000000
3748080.000000
3761070.000000
3774060.000000
3787050.000000
3800040.000000
3813030.000000
3826020.000000
3839010.000000
3852000.000000
3864990.000000
3877980.000000
3890970.000000
3903960.000000
3916950.000000
3929940.000000
3942930.000000
3955920.000000
3968910.000000
3981900.000000
3994890.000000
4007880.000000
4020870.000000
4033860.000000
4046850.000000
4059840.000000
4072830.000000
4085820.000000
4098810.000000
3836100.000000
3849490.000000
3862880.000000
3876270.000000
3889660.000000
3903050.000000
3916440.000000
3929830.000000
3943220.000000
3956610.000000
3970000.000000
3983390.000000
3996780.000000
4010170.000000
4023560.000000
4036950.000000
4050340.000000
4063730.000000
4077120.000000
4090510.000000
4103900.000000
4117290.000000
4130680.000000
4144070.000000
4157460.000000
4170850.000000
4184240.000000
4197630.000000
4211020.000000
4224410.000000
3950100.000000
3963890.000000
3977680.000000
3991470.000000
4005260.000000
4019050.000000
4032840.000000
4046630.000000
4060420.000000
4074210.000000
4088000.000000
4101790.000000
4115580.000000
4129370.000000
4143160.000000
4156950.000000
4170740.000000
4184530.000000
4198320.000000
4212110.000000
4225900.000000
4239690.000000
4253480.000000
4267270.000000
4281060.000000
4294850.000000
4308640.000000
4322430.000000
4336220.000000
4350010.000000
4064100.000000
4078290.000000
4092480.000000
4106670.000000
4120860.000000
4135050.000000
4149240.000000
4163430.000000
4177620.000000
4191810.000000
4206000.000000
4220190.000000
4234380.000000
4248570.000000
4262760.000000
4276950.000000
4291140.000000
4305330.000000
4319520.000000
4333710.000000
4347900.000000
4362090.000000
4376280.000000
4390470.000000
4404660.000000
4418850.000000
4433040.000000
4447230.000000
4461420.000000
4475610.000000
4178100.000000
4192690.000000
4207280.000000
4221870.000000
4236460.000000
4251050.000000
4265640.000000
4280230.000000
4294820.000000
4309410.000000
4324000.000000
4338590.000000
4353180.000000
4367770.000000
4382360.000000
4396950.000000
4411540.000000
4426130.000000
4440720.000000
4455310.000000
4469900.000000
4484490.000000
4499080.000000
4513670.000000
4528260.000000
4542850.000000
4557440.000000
4572030.000000
4586620.000000
4601210.000000
4292100.000000
4307090.000000
4322080.000000
4337070.000000
4352060.000000
4367050.000000
4382040.000000
4397030.000000
4412020.000000
4427010.000000
4442000.000000
4456990.000000
4471980.000000
4486970.000000
4501960.000000
4516950.000000
4531940.000000
4546930.000000
4561920.000000
4576910.000000
4591900.000000
4606890.000000
4621880.000000
4636870.000000
4651860.000000
4666850.000000
4681840.000000
4696830.000000
4711820.000000
4726810.000000
4406100.000000
4421490.000000
4436880.000000
4452270.000000
4467660.000000
4483050.000000
4498440.000000
4513830.000000
4529220.000000
4544610.000000
4560000.000000
4575390.000000
4590780.000000
4606170.000000
4621560.000000
4636950.000000
4652340.000000
4667730.000000
4683120.000000
4698510.000000
4713900.000000
4729290.000000
4744680.000000
4760070.000000
4775460.000000
4790850.000000
4806240.000000
4821630.000000
4837020.000000
4852410.000000
4520100.000000
4535890.000000
4551680.000000
4567470.000000
4583260.000000
4599050.000000
4614840.000000
4630630.000000
4646420.000000
4662210.000000
4678000.000000
4693790.000000
4709580.000000
4725370.000000
4741160.000000
4756950.000000
4772740.000000
4788530.000000
4804320.000000
4820110.000000
4835900.000000
4851690.000000
4867480.000000
4883270.000000
4899060.000000
4914850.000000
4930640.000000
4946430.000000
4962220.000000
4978010.000000
4634100.000000
4650290.000000
4666480.000000
4682670.000000
4698860.000000
4715050.000000
4731240.000000
4747430.000000
4763620.000000
4779810.000000
4796000.000000
4812190.000000
4828380.000000
4844570.000000
4860760.000000
4876950.000000
4893140.000000
4909330.000000
4925520.000000
4941710.000000
4957900.000000
4974090.000000
4990280.000000
5006470.000000
5022660.000000
5038850.000000
5055040.000000
5071230.000000
5087420.000000
5103610.000000
4748100.000000
4764690.000000
4781280.000000
4797870.000000
4814460.000000
4831050.000000
4847640.000000
4864230.000000
4880820.000000
4897410.000000
4914000.000000
4930590.000000
4947180.000000
4963770.000000
4980360.000000
4996950.000000
5013540.000000
5030130.000000
5046720.000000
5063310.000000
5079900.000000
5096490.000000
5113080.000000
5129670.000000
5146260.000000
5162850.000000
5179440.000000
5196030.000000
5212620.000000
5229210.000000
4862100.000000
4879090.000000
4896080.000000
4913070.000000
4930060.000000
4947050.000000
4964040.000000
4981030.000000
4998020.000000
5015010.000000
5032000.000000
5048990.000000
5065980.000000
5082970.000000
5099960.000000
5116950.000000
5133940.000000
5150930.000000
5167920.000000
5184910.000000
5201900.000000
5218890.000000
5235880.000000
5252870.000000
5269860.000000
5286850.000000
5303840.000000
5320830.000000
5337820.000000
5354810.000000
4976100.000000
4993490.000000
5010880.000000
5028270.000000
5045660.000000
5063050.000000
5080440.000000
5097830.000000
5115220.000000
5132610.000000
5150000.000000
5167390.000000
5184780.000000
5202170.000000
5219560.000000
5236950.000000
5254340.000000
5271730.000000
5289120.000000
5306510.000000
5323900.000000
5341290.000000
5358680.000000
5376070.000000
5393460.000000
5410850.000000
5428240.000000
5445630.000000
5463020.000000
5480410.000000
5090100.000000
5107890.000000
5125680.000000
5143470.000000
5161260.000000
5179050.000000
5196840.000000
5214630.000000
5232420.000000
5250210.000000
5268000.000000
5285790.000000
5303580.000000
5321370.000000
5339160.000000
5356950.000000
5374740.000000
5392530.000000
5410320.000000
5428110.000000
5445900.000000
5463690.000000
5481480.000000
5499270.000000
5517060.000000
5534850.000000
5552640.000000
5570430.000000
5588220.000000
5606010.000000
5204100.000000
5222290.000000
5240480.000000
5258670.000000
5276860.000000
5295050.000000
5313240.000000
5331430.000000
5349620.000000
5367810.000000
5386000.000000
5404190.000000
5422380.000000
5440570.000000
5458760.000000
5476950.000000
5495140.000000
5513330.000000
5531520.000000
5549710.000000
5567900.000000
5586090.000000
5604280.000000
5622470.000000
5640660.000000
5658850.000000
5677040.000000
5695230.000000
5713420.000000
5731610.000000
5318100.000000
5336690.000000
5355280.000000
5373870.000000
5392460.000000
5411050.000000
5429640.000000
5448230.000000
5466820.000000
5485410.000000
5504000.000000
5522590.000000
5541180.000000
5559770.000000
5578360.000000
5596950.000000
5615540.000000
5634130.000000
5652720.000000
5671310.000000
5689900.000000
5708490.000000
5727080.000000
5745670.000000
5764260.000000
5782850.000000
5801440.000000
5820030.000000
5838620.000000
5857210.000000
5432100.000000
5451090.000000
5470080.000000
5489070.000000
5508060.000000
5527050.000000
5546040.000000
5565030.000000
5584020.000000
5603010.000000
5622000.000000
5640990.000000
5659980.000000
5678970.000000
5697960.000000
5716950.000000
5735940.000000
5754930.000000
5773920.000000
5792910.000000
5811900.000000
5830890.000000
5849880.000000
5868870.000000
5887860.000000
5906850.000000
5925840.000000
5944830.000000
5963820.000000
5982810.000000
5546100.000000
5565490.000000
5584880.000000
5604270.000000
5623660.000000
5643050.000000
5662440.000000
5681830.000000
5701220.000000
5720610.000000
5740000.000000
5759390.000000
5778780.000000
5798170.000000
5817560.000000
5836950.000000
5856340.000000
5875730.000000
5895120.000000
5914510.000000
5933900.000000
5953290.000000
5972680.000000
5992070.000000
6011460.000000
6030850.000000
6050240.000000
6069630.000000
6089020.000000
6108410.000000
5660100.000000
5679890.000000
5699680.000000
5719470.000000
5739260.000000
5759050.000000
5778840.000000
5798630.000000
5818420.000000
5838210.000000
5858000.000000
5877790.000000
5897580.000000
5917370.000000
5937160.000000
5956950.000000
5976740.000000
5996530.000000
6016320.000000
6036110.000000
6055900.000000
6075690.000000
6095480.000000
6115270.000000
6135060.000000
6154850.000000
6174640.000000
6194430.000000
6214220.000000
6234010.000000
